1.014670443495542145e+02
3.237418480166445534e+01
9.660715665816533715e+01
4.938271604938260140e+01
5.804884285896960705e+01
2.458443142372223278e+01
7.748184019370440012e+01
6.869144593695499168e+01
3.270165706079153267e+01
5.371047195296331722e+01
5.192489729898642281e+01
1.310660034950935540e+02
9.900560596689844672e+00
4.315236522530971541e+01
1.930748801702598882e+01
2.157910961736556743e+01
5.309448011654898636e+01
7.986622956590601063e+01
1.065022421524662093e+02
6.079249981688974458e+01
7.110770475399699819e+01
2.860313889654482722e+01
1.635372789795571435e+01
2.045494621759833933e+02
2.724399136599940263e+01
2.458458458458493467e+01
1.691637271206383630e+01
1.032817669677188661e+02
7.532818059133860800e+01
3.500107880037373320e+01
7.721672739892403570e+01
4.673346693386739048e+01
6.475711717372701060e+01
4.568553975668613276e+01
3.026431797326247874e+01
6.405084952939722598e+01
9.471659020275299667e+01
2.895614417758964620e+01
1.671511627906976685e+02
1.998918545177323836e+01
2.958986335823812297e+01
6.916685380642302050e+01
1.393201178250141652e+02
6.596213492765234321e+01
6.918027895875266609e+01
8.976715686274494033e+01
6.477281769714319637e+01
1.796485706792551582e+02
5.127885085447450564e+01
1.488362800918984874e+02
3.195435092724632753e+01
9.141961603761252775e+01
2.539464653397390634e+02
1.406009244992297056e+02
4.446299387868658215e+01
4.483417946858302372e+01
7.024241974942475508e+01
1.294609485312428454e+01
3.615480157900608305e+01
5.115199913667523646e+01
5.147484094852503489e+01
1.160312573999527217e+02
9.730649696610944943e+01
9.051094890510968582e+01
1.000149276011345165e+02
9.274287039183882086e+01
1.049533737545650354e+02
3.508771929824562790e+02
2.498524672023216553e+01
8.081170871868553718e+01
3.086782376502017655e+01
4.690734707069275800e+01
6.353931595204964822e+01
3.766233766233762026e+02
1.189970250743733970e+02
1.107155050480418055e+02
3.832745509775541137e+01
7.635285396590107609e+01
7.700328868212065458e+01
3.651299027214253101e+01
4.197007404676280373e+01
5.136584312289281939e+01
5.336097354984849517e+01
3.073256912773712912e+01
7.992007992007995654e+01
3.145716885480308278e+01
8.733067729083670372e+01
5.381418376301862594e+01
7.019516273170204101e+01
4.140046000511093638e+01
5.902857288247735568e+01
2.081223225070737470e+01
3.578544360667275726e+01
4.864260829553649046e+01
5.248482860423148821e+01
3.123749779961282869e+01
6.042130876382395144e+01
3.440474665983722957e+01
7.163061394761984957e+01
4.610126935416400329e+01
4.582834331337299005e+01
4.299606465671474353e+01
8.172757475083078305e+01
3.205819352798245347e+01
8.172605426609977997e+01
4.163601275202839247e+01
3.948058921880885919e+01
3.087744003285737548e+01
3.740736511871953240e+01
8.435773652515824494e+01
8.777043658505017731e+01
6.168142409149648131e+01
9.767068273092407082e+01
1.022615535889871126e+02
4.080140487397272864e+01
1.160405872193437915e+02
3.746313867880969894e+01
7.347517730496461752e+01
1.116778730968389510e+02
1.179104477611934954e+02
1.179280489625317330e+02
6.662175312523423543e+01
1.194371727748691256e+02
4.191120308654473092e+01
4.509262268443332999e+01
4.025128222024545011e+01
1.109960041438511524e+02
6.720886585038849148e+01
5.183299482589083595e+01
5.655526992287897059e+01
1.067435989902630382e+02
1.448892424818734703e+01
4.504689532415967079e+01
3.606288330310090373e+01
1.922803019512887772e+02
5.452484023912600719e+01
1.537601341906624555e+02
3.021590845030699768e+01
7.336723085138501688e+01
5.915767537225658401e+01
3.072063204081530685e+01
1.443199225993713242e+02
5.793377917154669632e+01
1.714285714285715017e+02
3.150860039021321057e+01
1.094527363184076449e+02
6.471792210787312172e+01
5.207187385405196522e+01
8.251064653503692625e+01
1.819116135662895886e+02
1.511188607962799040e+02
6.412100292439700411e+01
1.102426984779927182e+02
5.327413984461698959e+01
7.831039392501214991e+01
3.624157086415384299e+01
7.778186725555160308e+01
2.063882063882060720e+02
3.724447595415308143e+01
6.080693146823935535e+01
8.672408672408685959e+01
3.941909841725522057e+01
9.937238493723819488e+01
1.035962705342611230e+02
9.665621734587232083e+01
1.492948056415546603e+02
1.262942314256459468e+02
6.672331854089932790e+01
1.259029927760576015e+02
8.060405851816844347e+01
8.934368750487014665e+01
1.076620166729504149e+02
4.000551800248347689e+01
1.758066127260009353e+02
7.952959093024242065e+01
6.683375104427750557e+01
5.391804457224989022e+01
5.920265362248833441e+01
5.519029752274720835e+01
4.992748970065134984e+01
3.777204543483919963e+01
3.228070175438595015e+02
7.398619499568637536e+01
8.716344482767824786e+01
1.164850739658075724e+02
8.278565663553543175e+01
7.060063224446771812e+01
7.434259031703101073e+01
9.092562284051628296e+01
3.756967033803133660e+01
8.965810753298372049e+01
5.059708093763856596e+01
2.749872296952207051e+01
3.991573974710584594e+01
1.159084323384529540e+02
8.510426516697383192e+01
1.381967975549797529e+02
6.340425531914899437e+01
5.903923725705876535e+01
1.127136104714581677e+02
9.695794449157668282e+01
6.994738471061565122e+01
4.988939250962975080e+01
7.170846394984292260e+01
1.061822649291387819e+02
4.906083543594032648e+01
3.808306709265178114e+01
4.483417946858305925e+01
4.908698213233856933e+01
2.314165497896214845e+02
9.682209682209703772e+01
6.146018312111912962e+01
9.401137504181970428e+01
7.305654164737350698e+01
1.660848407912834261e+02
3.862601738170792487e+01
2.754759238521834845e+02
5.877413937867358129e+01
1.014644351464431509e+02
9.448250991705710078e+01
1.421856639247943690e+02
1.189054726368155315e+02
1.380328710837187032e+02
5.750538385425775090e+01
6.468502199290753651e+01
1.339950372208432725e+02
9.081776170383749047e+01
7.499567332653852247e+01
5.136867636867641806e+01
9.413654618473931635e+01
1.794992914501651171e+02
8.370805949498424070e+01
9.681881051175670905e+01
1.275737535762866344e+02
4.256471771853109942e+01
1.027900146842878257e+02
6.438757698514619676e+01
1.485414706277726964e+02
1.075415812257917594e+02
1.600522619630897623e+02
1.075268817204300973e+02
2.179487179487176149e+02
3.462492560202626635e+01
1.617092584834521745e+02
1.278698052891599275e+02
5.390641104926826443e+01
1.423877327491784399e+02
1.262374593050296738e+02
1.186254127430596270e+02
3.992262419228748627e+01
1.879365079365080362e+02
5.595947618601870488e+01
1.286549707602337378e+02
5.591798695247005924e+01
8.508508508508498380e+01
5.272234540527184521e+01
2.507836990595612860e+02
6.249132064990943292e+01
8.079682384899358283e+01
4.489216252647827332e+01
7.081484279104897439e+01
3.239556692242109648e+02
5.616983635559537902e+01
2.039102794770296256e+01
2.079207920792079278e+02
1.806451612903225907e+02
4.419931245513949847e+01
1.700879765395895333e+02
1.894317048853437200e+02
8.596045030657944608e+01
7.467026885049067175e+01
2.975086160500902466e+01
2.322482391014655718e+02
7.217545476120677961e+01
3.570371991424618585e+01
4.970062223613669516e+01
4.465808253379942983e+01
6.360480216256310371e+01
1.874765654293211128e+02
6.265143152069474297e+01
2.151867618196709842e+01
2.349058435255291499e+02
1.501572327044029578e+02
1.871500147362215500e+02
1.910310256062864482e+02
6.644870281233883702e+01
1.219512195121948963e+02
4.630217396174824529e+01
3.576718812095830913e+01
5.936790640824181509e+01
5.600520306402678017e+01
2.382494399439407928e+01
1.564935064935067430e+02
2.676436748782140285e+01
3.207632636883520405e+01
7.128387417345126664e+01
4.651162790697646443e+01
6.594004577391532962e+01
4.109118394832668741e+01
5.323358811730927442e+01
7.073270568972594674e+01
8.156244798313286992e+01
1.539777587681777220e+02
1.059883412824587907e+02
1.884904086738947342e+02
8.434256055363348992e+01
1.587157627426083195e+02
1.282995702885203571e+02
6.000940874094965949e+01
1.313571636152279325e+02
4.110716451529054893e+01
1.264579496623693302e+02
2.456509387202459394e+01
3.027470741222375494e+01
1.603095632946377407e+02
1.333333333333328028e+02
2.267573696145120152e+02
9.794211510949706678e+01
1.626524867062872772e+02
3.968036779596053520e+01
8.037625043547525650e+01
7.278211264835064753e+01
2.441919129262519306e+01
6.673585286402069983e+01
9.702009702009684133e+01
1.974193548387098929e+02
3.066689215852049344e+01
1.135031189906666782e+02
8.207435979856394681e+01
1.353189174486601587e+02
6.217823644185373411e+01
9.563629373317984061e+01
1.199815413013380692e+02
1.829274042224184882e+01
9.386797265585146022e+01
7.647459680472505283e+01
9.929078014184382539e+01
3.899791758692502697e+01
1.244616709732991637e+02
1.140598531902881234e+02
2.457597784700585066e+02
5.881600818309696876e+01
4.393579434697855390e+01
4.396161506427650068e+01
9.125601460096260098e+01
4.459891114370081766e+01
5.933185352710410854e+01
3.553286790281025986e+01
1.480773823740150590e+02
1.060170903804561391e+02
7.946534834752316101e+01
8.012740755487008926e+01
2.801120448179270284e+02
1.056617381896860337e+02
6.366711952902316796e+01
1.215106732348113070e+02
4.516103784291475876e+01
9.803034416191576383e+01
1.733477789815819960e+02
9.388960399788034294e+01
5.530829030918049227e+01
2.204626610774721200e+02
2.735934080082421360e+01
6.780141843971641435e+01
4.740259740259734826e+02
4.818088300128053447e+01
9.911504424778746625e+01
6.097256857855322210e+01
4.319263917070121295e+01
7.111560498820357168e+01
1.300813008130079993e+02
1.113245652923502576e+02
5.384154215089504447e+01
4.936409191728311896e+01
2.199456014798941794e+01
1.079882714725023192e+02
1.799280287884844540e+02
2.180960801650457768e+02
8.664753314199776923e+01
1.387188902488778979e+02
4.830917874396133698e+02
7.501769285208817450e+01
7.585126556187663027e+01
2.251876563803167812e+02
9.522837805666091526e+01
9.658298465829821566e+01
6.179697264268833834e+01
7.169977625601781313e+01
1.536423841059603319e+02
1.277606574216744661e+02
7.553927553927537986e+01
1.397205588822355367e+02
5.104065715999818309e+01
1.241464928615771157e+02
4.447956649356532921e+01
5.140565834207484386e+01
9.327526490861065156e+01
8.512789404509196345e+01
9.678683385579901710e+01
1.018922852983987326e+02
1.108825896449971253e+02
1.248756218905468529e+02
1.044260027662517274e+02
1.146173730673560556e+02
7.283903835627984336e+01
4.926108374384199351e+01
5.474522906894576124e+01
5.705292150304926935e+01
3.007518796992479224e+02
5.017921146953383982e+01
1.080809350257633810e+02
9.734939759036177520e+01
3.333942736423049524e+01
7.153977314849088032e+01
9.319112260288750349e+01
1.406553942840039610e+02
1.038113055280438033e+02
6.254442075337588136e+01
3.080232728695049360e+01
2.065232872810138929e+02
1.609195402298851718e+02
1.780645161290322562e+02
1.355847090578116365e+02
2.904412229370219833e+01
3.239556692242110785e+02
1.868752716210341305e+02
9.834739037066979961e+01
1.141936147594387734e+02
4.813236027108887782e+01
1.376720901126410581e+02
1.678657074340529505e+02
5.534211002437183424e+01
1.488833746898260131e+02
2.576788291074001904e+02
7.963395638629278039e+01
2.105263157894735855e+02
1.226130653266328068e+02
1.371694274920077419e+02
1.922580645161292239e+02
9.643963827230753338e+01
2.758844530996425988e+02
2.697302697302693559e+02
1.585738205456516425e+02
3.255509323470518268e+01
9.196310935441358936e+01
1.256544502617799850e+02
1.025785808394501686e+02
3.202235490141633534e+01
8.925948523263990353e+01
1.558441558441558641e+02
1.369109047127620613e+02
1.036643250427182750e+02
1.082295988934995847e+02
6.207796303995612419e+01
6.602641056422547194e+01
1.305630531667817138e+02
6.717473957001377016e+01
6.635056257139713409e+01
7.304268431864883837e+01
8.142583939591125386e+01
1.276641205063833695e+02
9.350600776099830114e+01
4.789833822091870275e+01
1.201858875060095357e+02
4.827455361848341653e+01
4.764549178678666408e+01
3.380281690140842557e+02
3.340040241448688221e+02
8.137432188065082528e+01
1.319831607691434385e+02
1.807180956930183982e+02
1.438481197517342594e+02
1.251926040061633500e+02
2.708618331053349948e+02
3.075531433740387683e+02
4.470703237306683064e+01
1.780645161290323699e+02
8.041999761365009647e+01
1.597376494234636937e+02
5.313641602688076659e+01
4.429351838181002421e+01
1.363102232667449130e+02
1.299876593994240466e+02
1.049346730221870132e+02
1.274255566484845446e+02
1.083437110834370998e+02
1.043415292452518770e+02
5.905558311482815981e+01
1.094839609483958469e+02
8.013288141680354215e+01
1.017971597335680372e+02
7.119314436387573153e+01
1.029285099052542449e+02
5.119426234828322464e+01
4.072385213226687029e+01
6.048834628190869722e+01
5.704555129842479744e+01
1.844077961019486906e+02
4.315017093304453510e+01
5.781689280039082490e+01
3.414580415729101048e+01
2.319734025016618517e+01
1.629550733056233014e+01
1.681599220808192641e+01
1.542611617238477706e+01
1.477083015395131227e+01
2.662024444202671347e+01
3.119898016236884430e+01
1.857339816074156502e+01
1.525716815914895363e+01
2.328645402457306091e+01
3.726469458317359340e+01
1.083889130293188252e+01
3.392652920600457378e+01
2.162101080108881845e+01
1.851049042477785989e+01
1.725873558861233548e+01
2.450450450450488660e+01
5.533926585094586414e+01
1.401852944238125254e+01
6.875352238717771236e+00
2.345058626465662144e+01
1.413792194390796730e+01
2.821784416876415946e+01
1.513398376925909794e+01
2.433555209365988503e+01
1.083903273082535179e+01
1.417949761361723837e+01
2.328059332036328044e+01
1.625395748530062789e+01
2.687403334963026325e+01
1.376867341125136335e+01
1.999966232342949013e+01
1.965739960685149512e+01
1.472692081124274743e+01
2.147529093945665224e+01
3.677979806356619008e+01
1.270566476169022430e+01
2.188561306797768680e+01
2.559492832473833701e+01
1.289065779972131409e+01
2.670003095655768277e+01
1.571121503796458008e+01
2.930789961100988350e+01
1.390645694132343202e+01
2.427911812371934985e+01
1.868815909693581645e+01
2.388080068913162890e+01
2.167892321385063781e+01
1.536307545490721793e+01
1.789741461742455897e+01
3.346546091066610273e+01
9.811896288764599205e+01
1.522619755814315212e+01
1.498254507551709303e+01
4.460738008486652717e+01
1.645008457523977086e+01
1.782912040550207067e+01
1.189083434131118544e+01
9.644185510681018059e+01
1.181199106929110698e+01
1.543883517515276083e+01
2.916494602088357269e+01
3.316749585406342504e+01
4.383047000352212308e+01
1.607507914493596246e+01
2.052371179184886074e+01
1.429313929313931375e+01
1.341951563670546932e+01
1.625187019394730115e+01
1.103233338251539131e+01
3.011096316023087027e+01
4.474813079975237429e+01
9.559387425861348930e+00
5.263539126445687799e+01
9.374041917774610155e+00
8.428850160389036006e+00
1.317679706289591657e+01
1.804307352839779810e+01
1.397903486555835784e+01
7.263535664619194421e+00
8.399910968685460944e+00
1.124040848158026584e+01
6.644794373109673025e+00
1.517355360201575110e+01
2.504736112700384965e+01
1.324579275386845900e+01
7.752740862533264554e+00
6.954345250843414483e+00
1.431435350639126369e+01
8.193517154610152176e+00
2.962140146255671169e+01
9.546929811700790580e+00
6.022133067794273487e+00
5.693809021169919937e+00
9.722246366873442014e+00
2.590968263798485083e+01
1.526135382006332009e+01
8.665184794484321884e+00
2.240043495990235911e+01
1.657026794497352640e+01
1.028853780822023722e+01
8.406077468545975151e+00
9.612662639120753028e+00
1.241180855305385045e+01
1.239707683769581870e+01
2.728617820564574714e+01
6.879944960440342072e+01
2.668089647812160337e+01
8.126225257699357485e+01
3.167801401497077052e+01
2.044822837780497338e+01
2.877625351553373534e+01
2.015206866850818557e+01
1.121410223892176106e+01
2.832127222371117981e+01
1.628259206576935725e+01
1.207334094658046197e+01
2.333936680794462148e+01
3.257763383501627175e+01
2.330809667074436931e+01
1.284210971475279095e+01
2.567852300545235167e+01
7.597959405188353799e+01
1.590987272101822327e+02
6.313542458120802081e+01
5.303168521559314996e+01
2.377445823690298994e+02
4.819150057998518832e+01
6.478781988986091278e+01
2.044241037376048666e+02
4.709298903125781521e+01
4.695923817201605033e+01
5.624608565785048597e+01
4.735104984901805381e+01
5.817670374632416497e+01
5.002075329125923275e+01
8.360652130866195364e+01
5.376535517179991785e+01
5.268431065731542162e+01
4.029733959311421927e+02
6.313240508518572369e+01
4.718956518186359972e+01
5.269262634631334663e+01
5.105438401775786872e+01
1.098313451254629456e+02
4.873744369542673383e+01
4.876686431210777073e+01
8.134022839905210844e+01
1.642377978255836410e+02
1.829738058551620554e+02
7.258064516129029471e+02
5.662973245215343354e+01
5.335975053753767838e+01
6.044868841702616891e+01
5.321443981015377744e+01
5.509351861599492395e+01
3.027027027027031068e+02
5.252525252525252881e+02
5.897435897435892684e+02
5.156622796890610516e+01
1.890756302521006944e+02
5.014541099991458140e+01
4.798059685753442949e+01
6.051018390349985054e+01
1.201999787256674495e+02
5.515563963344211373e+01
6.009005321326238658e+01
2.004757050628612092e+02
4.988123515439417588e+01
1.699787526559178161e+02
2.485966319166000744e+02
5.107275079173887633e+01
5.958737064135484474e+01
5.586334256694355105e+01
5.821499710852671683e+01
5.622980434063575217e+01
4.792395800190892174e+01
4.546746234725778635e+01
4.698581560283686827e+02
5.014541099991468087e+01
5.201575532900830723e+01
5.275409107391436692e+01
5.534021110382248310e+01
5.731938809692165648e+01
4.649436402352080222e+01
1.200000000000000455e+03
2.700474129045552445e+02
4.802948988995525070e+01
6.225649676667884336e+01
5.639097744360874742e+01
5.453331822017327823e+01
7.051282051282045131e+02
5.638405031570159309e+01
5.147040758666421567e+01
5.319830044816961845e+01
4.857448955180433359e+01
5.027746947835706948e+01
8.626410086264101551e+01
4.737345914161247862e+01
5.576984497457183920e+01
7.942619524322900304e+01
5.211998330252252742e+01
9.182302294331393000e+01
5.481278471167762945e+01
5.600306866129668038e+01
2.631578947368420813e+02
5.776942355889693204e+01
6.201044386422960031e+01
5.010858625986524828e+01
5.110639322375183013e+01
6.461989954286339355e+01
4.652313783716883933e+01
4.336734693877548921e+02
6.426351553034977826e+01
7.259124456576732598e+01
5.305323126223967023e+01
6.225737933054981710e+01
5.303191363711578532e+01
3.819444444444439455e+02
4.938219048328569016e+01
1.574279379157427172e+02
5.140385299415953568e+01
4.955828485240237313e+01
1.219775474956823444e+02
5.814599459279307325e+01
4.569879459747277650e+01
5.424170101974407743e+01
6.703295021502584916e+01
5.163333448074061494e+01
4.957889718735094675e+01
6.582178995972110158e+01
6.244845057146225287e+01
5.232324663973776779e+01
8.520453796544728675e+01
4.923425484173119315e+01
4.557919983182501511e+01
7.040963757351254060e+01
4.620999548692185499e+01
5.584842632705243659e+01
2.842105263157894228e+02
5.018075864673843256e+01
5.178405931417986352e+01
4.825015531165900740e+01
5.194228634850157533e+01
5.638665132336036123e+01
5.620821012813355111e+01
2.234920634920636076e+02
8.870768470472010847e+01
6.241134751773054035e+01
5.203031331297351159e+01
5.323505323505332854e+01
5.304829770387953403e+01
7.936507936507932754e+02
4.678739572955131365e+01
5.940488558565764521e+01
4.928556636984922790e+01
4.930258682560003791e+01
5.038523712552206746e+01
5.945531261986979388e+01
5.301017889466170629e+01
5.002745409065936855e+01
5.454143429231245932e+01
4.627450980392159181e+02
4.749938408474970686e+01
5.030628286442262720e+01
2.998889300259165225e+02
4.886237276537521979e+01
5.125582452551419976e+01
5.138734739178678979e+01
9.461856889414518434e+01
5.141843971631205932e+02
4.857448955180422701e+01
2.947368421052631788e+02
5.712032160394900160e+01
5.165357088139369779e+01
5.539413696170886681e+01
5.265005265005301283e+01
1.637426900584794566e+03
8.446084460844592456e+01
4.786617624829976592e+01
4.952822795523683652e+01
5.200887077709345618e+01
3.248463564530288750e+02
5.571358047909016165e+01
6.209415584415585698e+01
5.515563963344202136e+01
8.971704623878518703e+01
5.266600117035541473e+01
5.701754385964882488e+01
5.137835730990055083e+01
6.854138303366025298e+01
5.172031076581561848e+01
6.412154957943378975e+01
5.440651784615823772e+01
1.863064741499765660e+02
6.613653693531094291e+01
4.835369641747836056e+01
1.896774193548387757e+02
4.442922244103819907e+01
1.633850020946795496e+02
5.084972567911112407e+01
3.204565408252854013e+02
5.939951464529584513e+01
1.278418673682789972e+02
3.263157894736842763e+02
5.781565985533651286e+01
7.068191011475153118e+01
4.957889718735084728e+01
5.038277070651211886e+01
5.376535517179993207e+01
8.854218096836842733e+01
2.091112770724420500e+02
2.084456424079064050e+02
9.767750497677542398e+01
4.630810588073698142e+01
5.168500087305760360e+01
5.072142064372904002e+01
5.345414449398327150e+01
7.554751858549309418e+01
4.815361001595062618e+01
4.767689037351985348e+01
5.127635960044390373e+01
4.971283526920984031e+01
4.915514592933936200e+01
2.664576802507841649e+02
4.815779925454323518e+01
4.944051392941850764e+01
4.933051444679377795e+01
6.174035468412937888e+01
4.721603563474371157e+01
9.119496855345947495e+01
2.053973013493250903e+02
4.826546003016586610e+02
3.111679454390448996e+02
4.611188509310665040e+01
5.602536997885837309e+02
1.056403450564036319e+02
4.916512059369195242e+01
5.776942355889696046e+01
5.716956709334087350e+01
5.195783992417588593e+01
4.016563146997930289e+02
3.228070175438595015e+02
4.882421174733723035e+01
1.319966583124476927e+02
4.721474425346911374e+01
1.576219189675240955e+02
1.484400656814450201e+02
4.559475612107180353e+01
5.255126042706488931e+01
6.095460207245634621e+01
7.092561335311083326e+01
1.099891813919938244e+02
4.994677802341788464e+01
5.885754674548629595e+01
7.711442786069648037e+01
5.203422385192961030e+01
5.645355239674454140e+01
2.026143790849673223e+03
4.869881153012759256e+01
6.527281998980096489e+01
3.058350100603619239e+02
1.278698052891598138e+02
5.019607843137256964e+02
4.936702155834515793e+01
5.566680520396442233e+01
5.075920963771405070e+01
5.102260032654456268e+01
5.198704805440732457e+01
5.590172690048072468e+01
5.710723192019914052e+01
6.169102597365181140e+01
7.846992582000156347e+01
5.142684279520045720e+01
7.092626079967840269e+01
1.110483719179368904e+02
4.347826086956525273e+02
6.058829277826639981e+01
5.391120507399580219e+02
4.676380887834614697e+01
5.554086220576538580e+01
6.231074624856988464e+01
5.681818181818182012e+01
5.505968914731580099e+01
5.120772946859901822e+02
5.619412515964237542e+01
5.359637712578907554e+01
1.783664459161149409e+02
3.605769230769230376e+02
5.147749240541304516e+01
5.383725971961274581e+01
6.495227995758210682e+01
5.098655491531360440e+01
5.744345603652535459e+01
6.443121470439699294e+01
1.663597298956412089e+02
6.109952223941834859e+01
4.616354503487668381e+01
5.247169290251331120e+01
4.812181282769482493e+01
5.259586019681019309e+01
5.485616979869843846e+01
5.773627310419634284e+01
4.640621627455200837e+01
5.024683620850775867e+01
4.808178965482352396e+01
2.527181898325008262e+02
1.181133888532988720e+02
5.704555129842482586e+01
6.205915296824373684e+01
6.349107545789851059e+01
8.189464364763166770e+01
3.064182194616976744e+02
4.789213592825318955e+01
4.736232176147551343e+01
6.198252245909913682e+01
7.549713515335344027e+01
5.664160401002482104e+01
4.422908978223484411e+01
5.604730688986854403e+01
9.294362235538693540e+01
4.859759650800962305e+01
4.865944831142034843e+01
2.259148618371918644e+02
5.696125168072342149e+01
5.012147343999636462e+01
1.699689199689202326e+02
6.407665244404573457e+01
5.340453938584768423e+01
4.538809207571663507e+01
4.715040980728499420e+01
5.504167268873150221e+01
5.787357458308592584e+01
1.959917477158856798e+02
5.092515879591289973e+01
7.076010043369112168e+01
2.665755297334244460e+02
5.648423784443968287e+01
2.716049382716047944e+02
1.462450592885375045e+03
2.341137123745816666e+02
1.008626410086266532e+02
5.174182612962197680e+01
5.236964144327553328e+01
8.694370763336267771e+01
5.095679514284184108e+01
4.609929078014184824e+02
6.276905985279802280e+01
4.850785616366122355e+01
5.777436196432819315e+01
5.304829770387952692e+01
4.842962826156094991e+01
5.244135780596730001e+01
1.633310328962499796e+02
2.044241037376049803e+02
5.687541458860525978e+01
4.854669140383430914e+01
4.527801458747728702e+01
6.637104019940314004e+01
4.469861302833083272e+01
6.512505899008914412e+01
5.992745623718629844e+01
4.739384901381970394e+01
1.120960555321047707e+02
5.533928707732246011e+01
5.473453749315812189e+01
5.695986228371090476e+01
4.913026158544670352e+01
5.982703471152714769e+01
6.342068090749253173e+01
5.427209387605414292e+01
5.094339622641500398e+01
5.436408977556070710e+01
2.485966319166000176e+02
4.924601919223858459e+01
7.950158620953284583e+01
4.588394062078261015e+01
5.654840619135742941e+01
6.516780710329094006e+01
5.252014831970628705e+01
6.521172071993761676e+01
4.702622131715399689e+01
4.784639227800855821e+01
5.762918861155657879e+01
5.573890722405558051e+01
5.386039868798527408e+01
4.737321591254205089e+01
5.105438401775798951e+01
4.617312512049342388e+01
5.695346320346314428e+01
5.104408352668226456e+01
4.864976293547723429e+01
5.770870220998084221e+01
2.407064520723540966e+02
5.915707624546289622e+01
5.326813596957515529e+01
5.365853658536584589e+02
2.217245240761477305e+02
6.097033641788493696e+01
9.054789511398787738e+00
1.151397407247628557e+01
6.284090411247411190e+00
1.072497296753587115e+01
1.121891515833766206e+01
3.012071727155511525e+01
8.132742304216165508e+00
1.195454737464619477e+01
9.051271952906855489e+00
6.837067424003459237e+00
1.116732257574046372e+01
1.527226992132828798e+01
4.769647696476902610e+01
5.722193502448619462e+00
1.194631940981343021e+01
7.445003335912006470e+00
6.584633258242656773e+00
1.297220016104844653e+01
1.112381580467323694e+01
9.604045949947284555e+00
2.609778513869127181e+01
2.501279210811317100e+01
2.666844917320889508e+01
6.952296900999504814e+00
7.335464583178544551e+00
2.561144035943422637e+01
2.084743468255073751e+01
1.578985788004898971e+01
1.113215291947215668e+01
1.106063325922762886e+01
1.518533306278984085e+01
7.229016937754832384e+01
7.981175872047157505e+00
3.222153797254641461e+01
9.218330113323997210e+00
1.905072683339927053e+01
9.456599102694488224e+00
1.681865615709848072e+01
1.745705686851227156e+01
1.166273368217224160e+01
8.822580520052733632e+00
1.379811183732730484e+01
1.024455313472645202e+01
8.349138908798622083e+00
6.230977218117462968e+00
2.194635335845744351e+01
4.764379764379773974e+01
7.686609925509697128e+00
5.167037861915344621e+01
2.171994151541528595e+01
1.643706024951277556e+01
9.331738065927869030e+00
7.568590350047297477e+01
3.995930071223786229e+01
1.965723317034616713e+01
1.613871103627108283e+01
1.387817526706120219e+01
1.551060502444658873e+01
9.735127223813551112e+00
8.123956419643832305e+00
3.444517767512532203e+01
1.734587251828618903e+01
1.795366305478695423e+01
1.622897068510268426e+01
1.450743087348627292e+01
2.670782570348701412e+01
9.411295335495781345e+00
9.132079297709958965e+00
2.883552489249671780e+01
1.217655220143877948e+01
6.539562008573168939e+00
9.677013949981173369e+01
2.184928285015185523e+01
1.082949457556607342e+01
1.168365941030585304e+02
1.462936214982423344e+01
1.110977043084950999e+01
2.727348503792619638e+01
2.774888158939851479e+01
8.817555468500714255e+00
2.507026574481703918e+01
2.133466440170366241e+01
2.384712911722493445e+01
1.194632578648277210e+01
2.195575071778437248e+01
2.390822750104229044e+01
2.819696814153244091e+01
8.997945960696480228e+00
2.584879669394658208e+01
1.205839942321571989e+01
2.812986067445500638e+01
1.201400294322965401e+01
1.726514577159050745e+01
3.326878790052065682e+01
1.092268475251097826e+01
8.294692194278482589e+00
3.231395651043916217e+01
1.346755697160750742e+01
9.549388242315496100e+00
5.663134819145035692e+01
3.160157765420915155e+01
1.347877034449422240e+01
6.932447397563717573e+01
1.122813726583701488e+01
1.976265250017125652e+01
3.242317791498152246e+01
2.185792349726777672e+01
5.335313041326379135e+01
1.634816538560985322e+01
1.508340825092396642e+02
2.962906153334859383e+01
1.475673173786404391e+01
6.104967526768380282e+00
1.404825729077816909e+01
1.979780131734940696e+01
1.084476669687766481e+01
7.450462979471288882e+00
1.948297654797084988e+01
1.289704913723467072e+01
5.107275079173864896e+01
1.298815490321661592e+01
2.561047427311430624e+01
2.412228839249236145e+01
2.500497980529993214e+01
2.350184268070898597e+01
4.661246612466111117e+01
4.222172047866376232e+01
4.331019576873532628e+01
3.010488039741214905e+01
3.404833428966784226e+01
1.357865733884700354e+01
2.574551764848096269e+01
1.321379807967219300e+01
6.291238299831249492e+01
2.715355805243437359e+01
8.841818888457076753e+01
3.907973526630935623e+01
2.520054584178244994e+01
1.587296978425343674e+01
2.516446970450592957e+01
3.340778226984441091e+01
4.489238249019657445e+01
4.873158803555421770e+01
1.797194971785495810e+01
2.629364462714376316e+01
2.285850415763854926e+01
3.856472166331295170e+01
2.060165865908768978e+01
7.921460665402729262e+01
2.897849090531815364e+01
2.945991386938812795e+01
1.659010946051581925e+01
1.674641148325360973e+02
3.926677776094544470e+01
1.131593621662632998e+01
5.034003469524594010e+01
1.502154008465344504e+01
2.609097591944992800e+01
2.456466681379194839e+01
1.557834336228651217e+01
1.814403308002190940e+01
2.344021550225965456e+01
6.412632515382873066e+01
4.610872709546962511e+01
1.246329449251579469e+01
2.879539273716181924e+01
1.113069768766224321e+01
2.503033684629521005e+01
2.882078955698565537e+01
1.619166198681813285e+01
5.268304608238587861e+01
7.163189937271357444e+00
9.027159479183502810e+00
7.158521878998146626e+00
5.667287797982400122e+01
7.353671867236425896e+01
5.569408756629497503e+01
5.967604433077565318e+01
3.419972640218875881e+02
7.321826769441508986e+01
5.647297086773647834e+01
7.670320923333002838e+01
7.817411507448420593e+01
7.726814977570234078e+01
1.092850354966736433e+02
1.375591504346870124e+02
6.796915936821648074e+01
9.679988055541751635e+01
1.353037766830869941e+02
6.893164142447841414e+01
1.623447852222369931e+02
7.471623916346391070e+01
5.206986530007787195e+01
5.792098197161505624e+01
8.179490119634633061e+01
7.598645060880672020e+01
6.164786167940217609e+01
8.438818565400828220e+01
7.107320540156372601e+01
6.064429183810963764e+01
1.353233830845767898e+02
8.110161443494749278e+01
7.292876932701733494e+01
6.899825921823067176e+01
6.024260226283710296e+01
1.088254810882551027e+02
6.190107731682623893e+01
7.356943444594656967e+01
1.047280122013216470e+02
6.310117128059064839e+01
7.623691492037623618e+01
8.542319749216267155e+01
8.789564729533840648e+01
5.978695633868051118e+01
2.373285629099584639e+02
8.294424608623963024e+01
7.010625479241960534e+01
8.698618454716007875e+01
6.510638297872344538e+01
6.810425307234355330e+01
7.278595659190439449e+01
7.928224846653803581e+01
1.053194784714593482e+02
6.372746087759256994e+01
6.546438800239188538e+01
6.174688057040977895e+01
9.168259168259174885e+01
6.982886500958811382e+01
6.570580754557008163e+01
9.348139782922376639e+01
7.789466021184453837e+01
6.967846967846971040e+01
6.864222333835617462e+01
7.498271029738322113e+01
9.846650524616609346e+01
6.469002695417796645e+01
9.162358676921807898e+01
6.135213208597235734e+01
1.319870176703930156e+02
9.385449094892159394e+01
8.430685358255433925e+01
7.234199196555789513e+01
7.686968592746816853e+01
8.197709463532233087e+01
7.090155407243823049e+01
5.465926121837235740e+01
5.561097256857819815e+01
8.590250329380783967e+01
8.494983277591978776e+01
6.354609929078019093e+01
6.438062188941162844e+01
6.716826659748073780e+01
7.418268139847457121e+01
6.397163120567385874e+01
1.070915502154891499e+02
6.993006993006989092e+01
5.573890722405551656e+01
1.515151515151515298e+02
6.183782001071845258e+01
5.678802019678312263e+01
9.436555199267077398e+01
9.001406469760883056e+01
6.471792210787278066e+01
9.892473118279575601e+02
8.914604093003295304e+01
1.368977673325497619e+02
6.715206742007980267e+01
7.887670619825411222e+01
1.306052982092650723e+02
5.389912185540884337e+01
7.443426808925804039e+01
6.157290792051527717e+01
1.445268317204977393e+02
6.078519565636469224e+01
3.850199873763934306e+02
2.842027559055115944e+02
9.881422924901200133e+01
3.520164046479833360e+02
6.458425796972834121e+01
1.466666666666666288e+03
5.750197185965463120e+01
9.411764705882345652e+02
1.541699852087839417e+02
8.846153846153838458e+02
2.530652979754771081e+02
2.713387241689124494e+02
6.133050478677098738e+01
6.050559469539955870e+01
9.303612867513982110e+01
8.359388570436000521e+01
8.121876201461013522e+01
5.981981981981981562e+02
5.563909774436053368e+01
1.387639119109638557e+02
1.650269755633132718e+02
4.747474747474745982e+02
5.464858882125109574e+01
6.044871546479609492e+01
1.090909090909093067e+02
8.650958162358816139e+01
7.400125122888526619e+01
2.655771195097040618e+02
1.921891058581701941e+02
5.605499735589634156e+02
5.717812118235257657e+01
2.531884742560224595e+02
9.960474308300393886e+01
8.354528755122240113e+01
5.976303564904203114e+01
7.163207163207147232e+01
8.912655971479498476e+02
4.845938375350135061e+02
1.516484437183194132e+02
8.674552623597281809e+01
1.053763440860215269e+03
9.206349206349226222e+01
8.321595374008417423e+01
7.602760170667056627e+01
9.447415329768267611e+02
8.257804632426953617e+01
7.098087098087069080e+01
1.323287935864005931e+02
9.072580645161286839e+02
1.031746031746031349e+03
1.035943692770258906e+02
1.231060606060606005e+03
2.509518864659048631e+02
8.499509643674370807e+01
6.383880360340670990e+01
8.505370762288883668e+01
5.628415300546445224e+02
7.580044931488050963e+01
6.784830612657779625e+01
3.693570451436384019e+02
6.931476499446108619e+01
7.226265905639607467e+01
7.124374676556826103e+01
9.575299635226708972e+01
7.002466778069536701e+01
9.280471270279085161e+01
1.496177477604243506e+02
5.510513479665138448e+01
1.140120083653782643e+02
1.236571605224512496e+02
7.794435742522522048e+01
1.352999016715829157e+02
9.682539682539667183e+02
3.010101010101010388e+02
1.908360888049126913e+02
5.246494798733602920e+02
9.367681498828997633e+01
7.162116616110493794e+01
2.530795072788353082e+02
7.462293470054295597e+01
1.210526315789473756e+03
6.946111617931882165e+01
4.044943820224719389e+02
6.886152299572729873e+01
5.705217818415354714e+01
1.872607030978069531e+02
5.068663346197375574e+01
5.093010243117041824e+01
8.019323671497583064e+02
8.563899868247676750e+01
7.249466950959485700e+01
6.556812669201744370e+01
6.293816576106414118e+01
9.882232462877624357e+01
9.313242977209100104e+01
5.962950202740294969e+01
9.426082806347683629e+01
1.620553359683794270e+03
5.093616791668934951e+01
8.683542229868093898e+01
8.246225319396055511e+02
2.862142232220968481e+02
8.714339228327540354e+01
5.711181194180148424e+01
3.860759493670892084e+02
1.836945304437562640e+02
6.166919736807046348e+01
8.533090151120376277e+01
6.240386728191568011e+01
1.386596236381645895e+02
1.501976284584979567e+03
6.203247582557942508e+01
1.298195002144163652e+02
8.335074644192147275e+01
3.018331226295829310e+02
5.896695200487623367e+01
1.078539044239811915e+02
5.235325224748806932e+02
5.468933249385850814e+01
1.449275362318840280e+03
4.855769230769230944e+02
6.811370447734053357e+01
3.794037940379410543e+02
7.448078300310328359e+01
7.425343018563340536e+01
1.375408476808272553e+02
8.240740740740745878e+02
5.909090909090900823e+02
1.045147529328115041e+02
5.284691442209314260e+01
9.231324617725152848e+01
1.091575377178274096e+02
1.051693404634580702e+03
9.756097560975604210e+02
7.693634638606162923e+01
6.417112299465219394e+01
2.478363493312353114e+02
4.144869215291744240e+02
4.918032786885243013e+02
8.293157153344021992e+01
1.051434278422020867e+02
6.734523383288168930e+01
5.847953216374288843e+01
5.240798344246652363e+01
1.587301587301586778e+02
8.709799019899584493e+01
1.051693404634580702e+03
6.175178588971698446e+01
7.084929240617859136e+01
2.079207920792078141e+02
1.728861596598958670e+02
6.572348229657944785e+01
4.511278195488720257e+02
2.619354838709683690e+02
5.826527237106587620e+01
5.518777767932877509e+01
8.294155868975312274e+01
3.317659352142116518e+02
8.184826145004876707e+01
3.467643467643464419e+02
8.957093642342630346e+01
8.962977156117588606e+01
8.205128205128200136e+01
7.082803447788633378e+01
9.284724208488235320e+01
6.117647058823525441e+01
5.576923076923077360e+02
8.205449420607565969e+01
6.572769953051627567e+01
6.087589836610744243e+01
2.939317319848292982e+02
1.218390804597701390e+03
7.551528073916139761e+01
1.175548589341695589e+02
4.162504162504158671e+02
9.009009009009002966e+02
5.832767889764575386e+01
7.121799330882113566e+01
2.172968274663187458e+02
7.154174869160237904e+01
7.977967306325514585e+01
1.498189919242550161e+02
6.949623703301945454e+01
8.563416738567781294e+01
5.625879043600578200e+01
7.564514799241484866e+01
1.278269419862337202e+02
6.535663565487061533e+01
7.146307741000461533e+01
6.351998436431151163e+01
7.887670619825431118e+01
7.604832977967294028e+01
8.260196179659308768e+01
6.902251266433016497e+01
1.339031339031339712e+03
1.093855108069377025e+02
7.250204062034875108e+01
7.557906128362223797e+01
6.483937518420286494e+01
1.349331394174445791e+02
1.128601128601134036e+02
6.775067750677499134e+01
5.954488818938934003e+01
1.776065196208702730e+02
6.385309464095274734e+01
6.614597523688395597e+01
5.885852435983452580e+01
9.159159159159155479e+02
7.469380714162485901e+01
6.301489060109761908e+01
3.191919191919191690e+02
7.504549633215151516e+01
6.515033584133324496e+01
7.246256101014466822e+01
6.545989980954226439e+01
6.363225915683703704e+01
9.055574774628084356e+01
3.121098626716600393e+02
1.576134380453752328e+02
6.105815720403333557e+01
9.850184368634096188e+01
6.308494254235284160e+01
6.568832983927325131e+02
6.754053232182613442e+01
6.738145998350502452e+01
5.110639322375181592e+01
6.896551724137931387e+02
1.428571428571428442e+03
6.156156156156152974e+02
6.896551724137931387e+02
1.538461538461537884e+03
3.663500678426049717e+02
5.405405405405400643e+02
3.759398496240599457e+02
9.523809523809526354e+02
4.506802721088437806e+02
1.241830065359476976e+03
2.998889300259166362e+02
4.053236539624926422e+02
1.428571428571428442e+03
4.637681159420288282e+02
1.052631578947368553e+03
1.176470588235294144e+03
5.073995771670192312e+02
8.666666666666665151e+02
8.615384615384617746e+02
8.333333333333335986e+02
5.873015873015871193e+02
1.111111111111111086e+03
4.949494949494950333e+02
2.660406885758996509e+02
6.349206349206344839e+02
2.564102564102561246e+02
2.762268586541288187e+02
4.993252361673416999e+02
6.349206349206344839e+02
3.443169196593858032e+02
7.692307692307695106e+02
3.682057276446518017e+02
8.831908831908831417e+02
2.013729977116702798e+02
3.105590062111803604e+02
1.666666666666666515e+03
7.407407407407408755e+02
3.551912568306009916e+02
2.845417236662104301e+02
6.236559139784950503e+02
1.333333333333333030e+03
1.416666666666666970e+03
3.509615384615384528e+02
5.342624854819979419e+02
5.243902439024386695e+02
5.405405405405402917e+02
8.000000000000001137e+02
7.971014492753621425e+02
7.977207977207976910e+02
1.045751633986928255e+03
1.249999999999999773e+03
3.653846153846154152e+02
3.310502283105020069e+02
5.120910384068275789e+02
4.078431372549020466e+02
2.732882750514253871e+02
3.442622950819670109e+02
2.810810810810813223e+02
1.250000000000000000e+03
4.449472096530918179e+02
7.407407407407406481e+02
2.762268586541288187e+02
3.701298701298698575e+02
8.262108262108264398e+02
8.695652173913040315e+02
9.956709956709955804e+02
3.373015873015870056e+02
5.314009661835746101e+02
6.258890469416782025e+02
7.311827956989251334e+02
1.884904086738946205e+02
3.229813664596273384e+02
6.031746031746029075e+02
2.857142857142856883e+03
1.516207737887767451e+02
2.973395931142407562e+02
4.897959183673468715e+02
2.763902763902761421e+02
4.676870748299318734e+02
3.838383838383840043e+02
3.383458646616539340e+02
7.407407407407405344e+02
2.106693849813116231e+02
2.000000000000000000e+03
4.220779220779218690e+02
5.384150030248038092e+02
5.546218487394954764e+02
3.196347031963466065e+02
7.692307692307695106e+02
4.521276595744680549e+02
4.612159329140466753e+02
2.776749352091821379e+02
8.307692307692310578e+02
2.329416615130896275e+02
9.881422924901183933e+02
8.000000000000000000e+02
2.101751459549625451e+02
4.347826086956526979e+02
6.666666666666667425e+02
4.878048780487803242e+02
3.846153846153845848e+02
3.690260133091351236e+02
2.763157894736843900e+02
4.472396925227117208e+02
3.921568627450976692e+02
5.731707317073168042e+02
1.949025487256369047e+02
5.314009661835746101e+02
5.873015873015871193e+02
2.168473728106755800e+02
2.524383247274813584e+02
2.012578616352199390e+02
4.032729398012854745e+02
5.179704016913321993e+02
2.983802216538786070e+02
2.821040258595358523e+02
1.428571428571428214e+03
5.757575757575759781e+02
2.666666666666666515e+03
5.398110661268559625e+02
9.486166007905133029e+02
3.581488933601604572e+02
3.825136612021856877e+02
4.293785310734460836e+02
5.391120507399580219e+02
1.111111111111111086e+03
3.701298701298697438e+02
7.126436781609197624e+02
5.315614617940199196e+02
5.533063427800268528e+02
3.154305200341003115e+02
1.052631578947368553e+03
7.862903225806448972e+02
4.220779220779215848e+02
6.249999999999997726e+02
5.871212121212121247e+02
1.780760626398213731e+02
5.243902439024386695e+02
3.696741854636590006e+02
8.547008547008546202e+02
6.451612903225809532e+02
4.627450980392159181e+02
3.571428571428569398e+02
4.761904761904763745e+02
5.769230769230765645e+02
3.703703703703703241e+02
2.444444444444444571e+02
4.472396925227117208e+02
5.705705705705703394e+02
5.252525252525250608e+02
1.111111111111111086e+03
6.881720430107531001e+02
1.397058823529411711e+03
1.166666666666666515e+03
7.956989247311829558e+02
1.176470588235294144e+03
1.000000000000000455e+03
3.422619047619043613e+02
9.523809523809526354e+02
7.126436781609196487e+02
5.405405405405405190e+02
1.347305389221554606e+02
3.212576896787422243e+02
5.832147937411094745e+02
4.636591478696740296e+02
5.555555555555552019e+02
4.408163265306122298e+02
1.176470588235294144e+03
2.360916316035531111e+02
4.637681159420287145e+02
6.463414634146340632e+02
7.389162561576354165e+02
1.111111111111111086e+03
2.222222222222222172e+03
6.436781609195404599e+02
4.705882352941177942e+02
1.828972868217054497e+02
1.176470588235294144e+03
2.588522588522585579e+02
7.692307692307693969e+02
3.063063063063067943e+02
9.473684210526312199e+02
6.595365418894826917e+02
1.860465116279071935e+02
4.343971631205669723e+02
8.307692307692310578e+02
3.770491803278686120e+02
2.446941323345819228e+02
5.714285714285711038e+02
5.882352941176466175e+02
6.653225806451611106e+02
5.263157894736843900e+02
4.830917874396133698e+02
1.546340982960700785e+02
2.251989904872841635e+02
1.818181818181818244e+03
4.350649350649347866e+02
4.761904761904761472e+02
4.994192799070848992e+02
5.533063427800271938e+02
6.896551724137933661e+02
1.784897025171627263e+02
3.973063973063976277e+02
2.284527518172374414e+02
2.592889601710774627e+02
1.083333333333335560e+02
3.346901854364538735e+02
9.956709956709958078e+02
3.918722786647315388e+02
2.027027027027025667e+02
6.386554621848736133e+02
3.569267997580158749e+02
1.538461538461537884e+03
7.196969696969697452e+02
5.714285714285711038e+02
1.052631578947368553e+03
3.623188405797097289e+02
5.705705705705704531e+02
4.063860667634251627e+02
3.618272274988691493e+02
1.823102122204812190e+02
6.190476190476188094e+02
6.006006006006000462e+02
4.545454545454544473e+02
1.249999999999999773e+03
4.235294117647060830e+02
1.818181818181818016e+03
3.773584905660377444e+02
1.000000000000000227e+03
2.981366459627330414e+02
2.860584161397172238e+02
4.207650273224043644e+02
8.620689655172411676e+02
3.012519561815335010e+02
8.000000000000003411e+02
2.973395931142408699e+02
3.098106712564544978e+02
5.873015873015870056e+02
6.048387096774190468e+02
6.238859180035649388e+02
4.675716440422321512e+02
2.549019607843135020e+02
3.750756200846945490e+02
2.696500286861733002e+02
7.356321839080458176e+02
7.692307692307691696e+02
7.407407407407405344e+02
4.676870748299318734e+02
2.272249105827895903e+02
2.404040404040403303e+02
8.300395256916993958e+02
6.896551724137929114e+02
6.116642958748221872e+02
8.666666666666665151e+02
1.345102984447244694e+02
3.571428571428569967e+02
1.538461538461538339e+03
5.263157894736843900e+02
7.057057057057052134e+02
5.226480836236936511e+02
4.244897959183673493e+02
1.655844155844158081e+02
4.878048780487807221e+02
3.282143932550439445e+02
5.547652916073966480e+02
3.028972783143108813e+02
3.996983408748114925e+02
7.096774193548388894e+02
4.347826086956520726e+02
3.481822836661544329e+02
6.249999999999998863e+02
2.264927934111186119e+02
4.524886877828053002e+02
6.666666666666669698e+02
4.166666666666664582e+02
2.512697139802195068e+02
3.442622950819671814e+02
3.905723905723905887e+02
7.142857142857143344e+02
3.621031746031743523e+02
2.286501377410466205e+02
1.566888396156684848e+02
3.773584905660376307e+02
2.408513816280805884e+02
4.000000000000001705e+02
9.057971014492753739e+02
6.653225806451611106e+02
3.648863035430989612e+02
1.750645269891145119e+02
1.862050878573301702e+02
1.666666666666667197e+03
2.132114981915094347e+02
1.990308065074416106e+02
4.000000000000001705e+02
1.500000000000000000e+03
4.756871035940806109e+02
3.022774327122154432e+02
4.573934837092728571e+02
3.007518796992478656e+02
9.057971014492753739e+02
3.327283726557777186e+02
6.507936507936506132e+02
5.061224489795918089e+02
2.368640533778150257e+02
6.060606060606057781e+02
5.120910384068276926e+02
3.280929596719067831e+02
5.846774193548385483e+02
3.740502630040909935e+02
3.114898618865708499e+02
6.249999999999997726e+02
2.045494621759833649e+02
5.384615384615382254e+02
7.671957671957669618e+02
6.249999999999997726e+02
3.154305200341001978e+02
1.941184992032446530e+02
6.031746031746027938e+02
1.428571428571428214e+03
4.541062801932367847e+02
5.094130675526023424e+02
1.247596266591627909e+02
3.154305200341001978e+02
3.961352657004827620e+02
5.882352941176467311e+02
8.571428571428574514e+02
1.538461538461538339e+03
2.665755297334243323e+02
4.540420819490585131e+02
2.939166097060833067e+02
2.553191489361699951e+02
1.394669587440670853e+02
4.326530612244898748e+02
2.020202020202020492e+02
1.002031144211237716e+02
5.398110661268557351e+02
4.571428571428571672e+02
1.625087284961592786e+02
2.927496580027357709e+02
6.006006006006001599e+02
6.881720430107529864e+02
5.128205128205124765e+02
2.753274525527936021e+02
1.777777777777777828e+03
5.179704016913320856e+02
9.782608695652172628e+02
3.437334743521945484e+02
3.413461538461538112e+02
4.871794871794871256e+02
2.455445544554452511e+02
2.344322344322341678e+02
4.545454545454544473e+02
1.576219189675238965e+02
3.918722786647312546e+02
3.884711779448619495e+02
4.521276595744678275e+02
2.581755593803786724e+02
3.169014084507040252e+02
7.407407407407408755e+02
2.857142857142853245e+02
4.285714285714282710e+02
6.854838709677416091e+02
3.221288515406159831e+02
9.523809523809525217e+02
3.228454172366618309e+02
4.421768707482992795e+02
2.661064425770305775e+02
5.882352941176466175e+02
3.822055137844610613e+02
5.396825396825393000e+02
2.521008403361342971e+02
4.761904761904759766e+02
4.830917874396134266e+02
1.769604441360164344e+02
1.556462000858735735e+02
1.438703140830798191e+02
1.105263157894736651e+03
1.186507936507937160e+02
3.157894736842103498e+02
2.302631578947371338e+02
2.000000000000000455e+03
2.655771195097040049e+02
1.250000000000000000e+03
6.060606060606061192e+02
1.409123477430143225e+02
4.444444444444441729e+02
3.395445134575571728e+02
3.219315895372227487e+02
1.538461538461534701e+02
1.546840958605661172e+02
4.637681159420287713e+02
3.310023310023308341e+02
4.449472096530918748e+02
3.256445047489821718e+02
3.701298701298695164e+02
4.545454545454547883e+02
5.668016194331984252e+02
7.692307692307693969e+02
2.797202797202793931e+02
1.238095238095237846e+03
3.123543123543120714e+02
8.923076923076924913e+02
3.983228511530399487e+02
3.840245775729644606e+02
2.746566791510612120e+02
2.708618331053349380e+02
3.648863035430989612e+02
2.031122031122028773e+02
6.650246305418721704e+02
3.120243531202431768e+02
7.671957671957671892e+02
3.331570597567425125e+02
1.410256410256409936e+03
1.971743518087252767e+02
7.635467980295569532e+02
4.242424242424245335e+02
4.408163265306121730e+02
2.810810810810814928e+02
5.547652916073968754e+02
1.628352490421455059e+02
1.314035421824413845e+02
2.287805994051703635e+02
2.644725242433148651e+02
2.697302697302691854e+02
2.409638554216869011e+02
9.999999999999996589e+02
3.750756200846947763e+02
3.846153846153845848e+02
9.047619047619051571e+02
2.290817317025821467e+02
3.482587064676615114e+02
4.994192799070848992e+02
2.818057455540353544e+02
1.258346173600412499e+02
2.882882882882885269e+02
2.941176470588232519e+02
6.666666666666670835e+02
3.785310734463274116e+02
3.109959274342837148e+02
4.734299516908209284e+02
3.672316384180788305e+02
3.913347309573725852e+02
4.255319148936172269e+02
3.799185888738125527e+02
2.457002457002456879e+02
7.692307692307693969e+02
6.818181818181817562e+02
8.333333333333333712e+02
5.533063427800268528e+02
1.038961038961038639e+03
8.000000000000001137e+02
6.722689075630248681e+02
6.258890469416785436e+02
4.878048780487807221e+02
3.263403263403259302e+02
8.333333333333333712e+02
5.533063427800271938e+02
4.432624113475176273e+02
2.954954954954957884e+02
1.998474446987033559e+02
2.696629213483146827e+02
2.221921148895813758e+02
2.531430513081888591e+02
4.432624113475177410e+02
2.111473373699736271e+02
6.072874493927125741e+02
2.222222222222222172e+03
1.175160122528545372e+02
1.500000000000000227e+03
7.692307692307693969e+02
1.341807909604520148e+02
2.235195996663888423e+02
3.785310734463275253e+02
5.555555555555552019e+02
1.968503937007871798e+02
3.109243697478988793e+02
3.204565408252853445e+02
1.245522182419398263e+02
1.527593818984548477e+02
8.201058201058199302e+02
1.810806895552655931e+02
4.787234042553190534e+02
4.524886877828053002e+02
2.791654422568323639e+02
2.303030303030301695e+02
1.448632668144862521e+02
2.260442260442259510e+02
2.962962962962961910e+02
2.768245252802560685e+02
2.333562113932737248e+02
5.555555555555552019e+02
5.263157894736842763e+02
4.336734693877548921e+02
8.696058721772833167e+01
1.556603773584909902e+02
2.107279693486590020e+02
2.701754385964914036e+02
3.173076923076922640e+02
6.156156156156151837e+02
